0 13 0.222346916795
0 37 0.508846521378
0 42 0.137400463223
0 54 0.440931499004
0 111 0.2194480896
0 116 0.415785819292
0 125 0.102587461472
0 140 0.112512283027
0 142 0.721622824669
0 145 0.877761244774
0 199 0.119804091752
1 2 0.390955388546
1 7 0.390457063913
1 28 0.573732018471
1 78 0.209097325802
1 107 0.162163481116
1 177 0.926218748093
1 183 0.154872387648
2 1 0.717437922955
2 28 0.174327164888
2 49 0.441054999828
2 78 0.923679769039
2 123 0.299314171076
2 129 0.163930729032
2 177 0.48294660449
2 183 0.570192098618
3 4 0.633721649647
3 12 0.119332127273
3 15 0.5225507617
3 17 0.740900397301
3 33 0.270140081644
3 80 0.513350605965
3 144 0.194020614028
3 161 0.161453738809
3 188 0.263494938612
3 191 0.454753398895
3 192 0.946107923985
3 193 0.153112068772
3 195 0.376224547625
4 3 0.626464366913
4 6 0.135196805
4 15 0.983190357685
4 16 0.120861031115
4 17 0.331439375877
4 33 0.802872538567
4 80 0.175184518099
4 91 0.102276332676
4 93 0.361375182867
4 136 0.147287115455
4 138 0.217675238848
4 144 0.693385541439
4 191 0.144483521581
4 192 0.579559385777
4 195 0.107964932919
5 3 0.894812405109
5 4 0.361431568861
5 15 0.765684783459
5 17 0.460138052702
5 33 0.481321305037
5 80 0.266472458839
5 93 0.14267244935
5 144 0.374039947987
5 188 0.109154172242
5 191 0.225143566728
5 192 0.723630845547
5 195 0.174131140113
6 16 0.110277481377
6 91 0.411005228758
6 93 0.168183594942
6 124 0.257788211107
6 136 0.157176315784
6 174 0.440437555313
7 11 0.389344334602
7 27 0.381017804146
7 45 0.161403104663
7 79 0.19941689074
7 85 0.564374804497
7 92 0.161909714341
7 107 0.866251170635
7 108 0.371403723955
7 110 0.135923430324
7 132 0.241007640958
7 153 0.520238935947
7 179 0.479411423206
7 201 0.411455184221
8 14 0.725254178047
8 84 0.13338559866
8 88 0.365364342928
8 151 0.571415960789
8 185 0.995723068714
8 186 0.117259055376
9 43 0.389959126711
9 82 0.227449059486
9 104 0.121870338917
9 146 0.215457260609
10 31 0.537058949471
10 122 0.166866600513
10 156 0.857014596462
10 176 0.428130418062
11 46 0.198810070753
11 55 0.627193748951
11 92 0.866809546947
11 106 0.349292427301
11 108 0.198184996843
11 132 0.115266151726
11 171 0.14136736095
11 179 0.129731938243
12 4 0.484030991793
12 15 0.381220579147
12 17 0.407951146364
12 33 0.174898356199
12 80 0.666330993176
12 144 0.119696080685
12 161 0.277714073658
12 162 0.15056322515
12 188 0.416087329388
12 191 0.752951741219
12 192 0.29033818841
12 193 0.936122894287
12 195 0.519490540028
13 0 0.260935932398
13 37 0.385403305292
13 54 0.325512051582
13 111 0.146452814341
13 116 0.438371628523
13 140 0.122377373278
13 142 0.590564370155
13 143 0.876901626587
13 199 0.130134105682
14 77 0.377694070339
14 84 0.483456760645
14 88 0.826438844204
14 89 0.23596984148
14 130 0.170927777886
14 146 0.146499961615
14 151 0.967672884464
15 6 0.192142754793
15 16 0.173526138067
15 33 0.8918171525
15 91 0.149013996124
15 93 0.462084531784
15 136 0.207663536072
15 138 0.295184344053
15 144 0.798109352589
16 5 0.110125482082
16 6 0.145012944937
16 23 0.152933582664
16 30 0.650554418564
16 38 0.624707102776
16 48 0.325325250626
16 64 0.119547665119
16 65 0.151769161224
16 91 0.15607060492
16 93 0.151914358139
16 101 0.364712119102
16 133 0.210680320859
16 134 0.124324396253
16 136 0.118419229984
16 138 0.16657307744
16 165 0.197327792645
16 166 0.91564977169
16 196 0.927050113678
17 4 0.106083035469
17 12 0.436586230993
17 80 0.930237054825
17 154 0.117391973734
17 157 0.212865024805
17 160 0.138376772404
17 161 0.524995446205
17 162 0.334248960018
17 188 0.691631376743
17 191 0.249239385128
17 193 0.442507296801
17 195 0.823217570782
18 35 0.9922067523
18 189 0.248716801405
19 20 0.337071478367
19 22 0.587347626686
19 39 0.905693769455
19 57 0.82568436861
19 68 0.164511442184
19 74 0.634185314178
19 96 0.202153459191
19 103 0.10262337327
19 119 0.513577699661
19 175 0.361516237259
20 19 0.673811674118
20 22 0.90648651123
20 32 0.789311826229
20 39 0.410915255547
20 57 0.32096645236
20 74 0.182980567217
20 96 0.557905316353
20 119 0.124060630798
20 127 0.184795349836
20 155 0.117033407092
20 206 0.241074323654
21 18 0.47969776392
21 35 0.408968001604
21 200 0.661266982555
22 19 0.412025421858
22 20 0.90648651123
22 32 0.527507960796
22 39 0.206276461482
22 57 0.149173185229
22 96 0.313339322805
22 206 0.103488989174
23 124 0.135196805
23 165 0.990753114223
23 174 0.640739321709
24 53 0.523398041725
24 58 0.164152517915
24 62 0.361939609051
24 95 0.148251727223
24 114 0.131114766002
24 125 0.292767912149
24 168 0.725508630276
24 169 0.933018922806
24 171 0.25577250123
24 173 0.338269501925
25 56 0.105066262186
25 120 0.920263469219
25 123 0.101692050695
25 129 0.300332725048
25 139 0.793399989605
25 147 0.135463371873
27 1 0.179425269365
27 2 0.583170890808
27 7 0.358334571123
27 28 0.261732488871
27 78 0.356034904718
27 79 0.920694053173
27 107 0.144017487764
27 183 0.110556527972
28 7 0.950916349888
28 11 0.2394092381
28 27 0.233128398657
28 79 0.107243828475
28 85 0.382177233696
28 107 0.694878578186
28 108 0.225952968001
28 132 0.134178474545
28 153 0.344183623791
28 179 0.310265779495
28 201 0.256327629089
29 16 0.267612278461
29 30 0.170699328184
29 38 0.364910542965
29 48 0.725222349167
29 166 0.389695614576
29 196 0.406218916178
30 64 0.492412596941
30 65 0.597763359547
31 83 0.369546741247
31 99 0.321072340012
31 122 0.204038575292
32 19 0.469551712275
32 39 0.246001929045
32 57 0.181086838245
32 94 0.295992463827
32 96 0.925920844078
32 97 0.274973541498
32 127 0.51643460989
32 154 0.105714663863
32 155 0.384122937918
32 159 0.236804664135
32 163 0.14347524941
32 206 0.60725492239
33 3 0.119871601462
33 5 0.205155462027
33 6 0.408728629351
33 16 0.378992974758
33 91 0.338133215904
33 93 0.746880948544
33 136 0.432687044144
33 138 0.555992901325
33 144 0.981558680534
33 166 0.19336771965
33 196 0.204297497869
34 14 0.285762488842
34 151 0.184275582433
34 182 0.121024265885
34 186 0.66596955061
35 66 0.103079527617
35 126 0.121801927686
35 189 0.304042071104
36 0 0.519002616405
36 67 0.92104190588
36 115 0.726843655109
36 117 0.106897033751
36 140 0.248557895422
36 142 0.148473739624
36 145 0.25383579731
36 199 0.261287122965
37 24 0.412505984306
37 42 0.708677649498
37 54 0.993141651154
37 95 0.397725909948
37 111 0.845624387264
37 125 0.623811781406
37 168 0.103055469692
37 169 0.234480693936
38 3 0.277179181576
38 5 0.52783447504
38 6 0.318140238523
38 15 0.176908224821
38 16 0.467783659697
38 33 0.158837229013
38 91 0.291714340448
38 93 0.623977541924
38 136 0.492669254541
38 138 0.65299642086
38 144 0.10764118284
38 166 0.255264401436
38 192 0.153843745589
38 196 0.268397629261
39 20 0.227363392711
39 22 0.441889077425
39 57 0.985002458096
39 68 0.287076085806
39 71 0.161301955581
39 74 0.878373801708
39 98 0.15303093195
39 103 0.236804664135
39 119 0.77760207653
39 175 0.617841005325
40 10 0.194752246141
40 67 0.165505588055
40 68 0.284181177616
40 70 0.958328962326
40 71 0.283712744713
40 72 0.473348081112
40 98 0.151125103235
40 102 0.645467817783
40 103 0.471543520689
40 113 0.107169419527
40 118 0.403448343277
40 190 0.619765281677
40 205 0.171438127756
41 43 0.802959859371
41 76 0.309357345104
41 77 0.215374648571
41 81 0.145794197917
41 82 0.55184173584
41 89 0.147129431367
41 104 0.353910177946
41 130 0.930256426334
41 146 0.133620157838
42 24 0.88212031126
42 53 0.261123269796
42 58 0.220013275743
42 62 0.15633417666
42 95 0.200398340821
42 114 0.179007038474
42 125 0.371861547232
42 168 0.428466111422
42 169 0.683000683784
42 173 0.142734080553
43 76 0.685349166393
43 81 0.429626703262
43 82 0.912533402443
43 158 0.165763363242
44 11 0.200595021248
44 85 0.136862009764
44 108 0.116596259177
44 132 0.222072795033
44 152 0.748409807682
44 178 0.545624315739
44 179 0.182999044657
44 201 0.270044356585
45 203 0.589138269424
46 50 0.110277481377
46 189 0.108689799905
47 52 0.359881401062
47 60 0.673221886158
47 63 0.684207856655
47 75 0.864647209644
47 81 0.20413812995
47 137 0.619433522224
47 164 0.171861350536
48 5 0.216678366065
48 6 0.210741385818
48 16 0.713208675385
48 30 0.216471046209
48 38 0.825991868973
48 91 0.22340349853
48 93 0.282654255629
48 136 0.220306694508
48 138 0.30473574996
48 166 0.462430238724
48 196 0.480111390352
49 129 0.699091374874
49 139 0.105997003615
49 147 0.432564467192
50 18 0.390808790922
50 21 0.987496495247
50 35 0.326633930206
50 200 0.565233707428
51 13 0.126070082188
51 112 0.654843330383
52 69 0.173988625407
52 73 0.672664701939
52 141 0.402140498161
52 164 0.904920399189
53 13 0.170523747802
53 58 0.370346128941
53 62 0.646426141262
53 95 0.343276590109
53 112 0.138557568192
53 114 0.312973827124
53 125 0.560610711575
53 168 0.315092325211
53 169 0.471069067717
54 24 0.478902548552
54 37 0.993141651154
54 42 0.77578920126
54 95 0.46321618557
54 111 0.898865640163
54 125 0.694326996803
54 168 0.131433218718
54 169 0.284378498793
55 11 0.663668513298
55 27 0.239010751247
55 45 0.146735802293
55 79 0.110607363284
55 85 0.389988452196
55 92 0.354468643665
55 106 0.889283180237
55 108 0.706745564938
55 110 0.260234326124
55 132 0.538435578346
55 171 0.112538039684
55 179 0.573169469833
56 30 0.211576893926
56 48 0.231174498796
56 101 0.258671879768
56 133 0.138316556811
56 170 0.589270889759
57 20 0.302069038153
57 22 0.543554484844
57 68 0.372147858143
57 71 0.215560570359
57 98 0.211107894778
57 103 0.305971115828
57 175 0.71269518137
57 190 0.102216586471
57 205 0.124171629548
58 0 0.107790499926
58 13 0.894835472107
58 37 0.179825976491
58 54 0.143707469106
58 114 0.993438065052
58 116 0.214076206088
58 142 0.325698852539
58 143 0.616182088852
59 8 0.84605294466
59 14 0.386015087366
59 88 0.136057212949
59 151 0.262225210667
59 182 0.110049575567
59 185 0.798519849777
60 63 0.164682552218
60 81 0.671123623848
60 82 0.151656314731
60 131 0.200555682182
60 137 0.162383601069
60 146 0.148696005344
60 158 0.329958736897
61 72 0.931317389011
61 113 0.447806745768
61 141 0.252114415169
62 13 0.632794141769
62 58 0.8889529109
62 114 0.835294723511
62 142 0.139979958534
62 143 0.339770168066
63 60 0.999831974506
63 81 0.660082042217
63 82 0.146327227354
63 131 0.194039851427
63 137 0.15676304698
63 146 0.143428847194
63 158 0.321019351482
64 29 0.602873980999
64 30 0.248535260558
64 48 0.195195943117
64 101 0.105788260698
64 134 0.23929849267
65 64 0.253467917442
66 55 0.196376129985
66 105 0.373580813408
67 0 0.300409257412
67 36 0.92104190588
67 115 0.484190553427
67 140 0.116358377039
67 145 0.11943988502
67 199 0.123825058341
68 19 0.148267537355
68 20 0.567084252834
68 22 0.824115931988
68 32 0.215085595846
68 71 0.101454310119
68 96 0.100083976984
68 98 0.9380453825
68 103 0.213418751955
68 175 0.478362083435
69 47 0.928543865681
69 52 0.192697182298
69 60 0.443775773048
69 63 0.454253643751
69 75 0.652303516865
69 137 0.394569456577
70 22 0.159371435642
70 68 0.432625770569
70 71 0.14034485817
70 98 0.255402892828
70 102 0.812748730183
70 103 0.646293997765
70 175 0.143212422729
71 10 0.506485164165
71 72 0.820654451847
71 113 0.315406829119
71 141 0.160897612572
71 156 0.227063685656
71 190 0.928993225098
71 205 0.958634495735
72 69 0.196803018451
72 113 0.672762989998
72 141 0.439234524965
73 10 0.217945799232
73 70 0.35819414258
73 72 0.193463623524
73 102 0.115699492395
73 113 0.125803545117
73 118 0.169805288315
73 190 0.292667418718
74 22 0.158287718892
74 68 0.4167509377
74 71 0.374872803688
74 72 0.127494156361
74 98 0.243530079722
74 103 0.493792355061
74 119 0.980198264122
74 175 0.894581437111
74 190 0.203402280807
74 205 0.239143535495
75 60 0.94051939249
75 63 0.946434855461
75 81 0.46164482832
75 131 0.100684657693
75 158 0.1842199862
76 52 0.202291950583
76 60 0.403210371733
76 63 0.413257271051
76 137 0.409207463264
77 9 0.75136744976
77 43 0.74553745985
77 76 0.262460023165
77 81 0.118285417557
77 82 0.490137070417
77 130 0.889448106289
77 146 0.852744758129
77 172 0.182685494423
77 197 0.101300030947
77 204 0.114090800285
78 1 0.381162643433
78 49 0.678361654282
78 123 0.513415455818
78 129 0.323088556528
78 135 0.174666166306
78 147 0.148870825768
78 177 0.204935714602
78 183 0.80348354578
79 1 0.350985616446
79 2 0.818986058235
79 49 0.160880818963
79 78 0.587977647781
79 177 0.18446110189
79 183 0.238922208548
80 12 0.476805269718
80 128 0.156664013863
80 154 0.239985629916
80 157 0.386598259211
80 160 0.274297088385
80 161 0.752113282681
80 162 0.546018719673
80 187 0.169315829873
80 188 0.891887187958
80 191 0.143521681428
80 193 0.28682795167
80 195 0.970800876617
80 198 0.115633748472
81 9 0.455222100019
81 43 0.26825478673
81 76 0.329313755035
81 77 0.281622678041
81 82 0.576777458191
81 89 0.197425082326
81 104 0.402348399162
81 130 0.115883685648
81 131 0.667316436768
81 146 0.570655167103
81 158 0.837264955044
82 9 0.104238934815
82 60 0.20308457315
82 63 0.209826916456
82 76 0.90721064806
82 81 0.683783769608
82 131 0.208268553019
82 137 0.207099884748
82 146 0.154937848449
82 158 0.340453535318
83 10 0.128630712628
83 31 0.547432422638
83 40 0.13426682353
83 122 0.846962094307
83 156 0.262107849121
83 176 0.535813987255
84 9 0.635841071606
84 43 0.629646480083
84 76 0.187016040087
84 77 0.981068432331
84 82 0.380699247122
84 130 0.793783843517
84 146 0.749188959599
84 172 0.124964661896
85 2 0.397666811943
85 7 0.459542125463
85 27 0.950253903866
85 28 0.147397577763
85 78 0.213747307658
85 79 0.768313765526
85 107 0.204018712044
86 87 0.365364342928
86 100 0.210090816021
86 180 0.756329059601
86 181 0.26434352994
87 41 0.270810216665
87 100 0.941471159458
87 130 0.136250600219
87 148 0.743409335613
87 180 0.479602366686
87 181 0.111154481769
87 197 0.393510133028
87 204 0.323008924723
88 9 0.308295249939
88 34 0.280520021915
88 43 0.30347764492
88 77 0.73892056942
88 82 0.163674965501
88 84 0.841207265854
88 89 0.556949019432
88 130 0.450948119164
88 146 0.406159251928
89 14 0.111358620226
89 34 0.876975357533
89 77 0.108915477991
89 84 0.159538641572
89 88 0.414159536362
89 151 0.561072766781
89 186 0.367922216654
90 83 0.375706553459
90 99 0.144312486053
90 122 0.142057195306
91 3 0.302171319723
91 5 0.560742795467
91 6 0.520955085754
91 15 0.195621043444
91 16 0.382728487253
91 33 0.168531373143
91 93 0.787348270416
91 136 0.840177416801
91 138 0.560214698315
91 144 0.114912591875
91 166 0.195833787322
91 192 0.1708047539
91 196 0.20685864985
92 46 0.448148548603
93 5 0.197619765997
93 6 0.848268985748
93 16 0.257718592882
93 91 0.765164136887
93 136 0.421044766903
93 138 0.246633693576
93 166 0.118205189705
93 174 0.179170593619
93 196 0.12585966289
94 19 0.963493585587
94 20 0.217197164893
94 22 0.427093327045
94 39 0.772849619389
94 57 0.671943485737
94 74 0.47097414732
94 96 0.119588144124
94 119 0.361149460077
94 175 0.23603567481
95 25 0.419016510248
95 120 0.660180807114
95 139 0.135493010283
96 19 0.194694399834
96 94 0.307286918163
96 97 0.478298515081
96 127 0.750745475292
96 128 0.145496949553
96 154 0.224888369441
96 155 0.612034022808
96 159 0.426788568497
96 160 0.156499058008
96 163 0.2878459692
96 198 0.10678576678
96 206 0.832047820091
97 19 0.443961530924
97 39 0.228006392717
97 57 0.166538581252
97 94 0.605595469475
97 96 0.398908823729
97 127 0.417475312948
97 155 0.298272162676
97 159 0.174202397466
97 163 0.100696444511
97 206 0.50380396843
98 19 0.279761999846
98 20 0.778627514839
98 22 0.965676188469
98 32 0.377722859383
98 39 0.124518990517
98 96 0.202252388
99 149 0.521703958511
100 41 0.443961530924
100 43 0.153241917491
100 130 0.254388123751
100 148 0.912447929382
100 197 0.592123270035
101 1 0.120047353208
101 30 0.206376776099
101 48 0.187935829163
101 49 0.417747080326
101 123 0.189179733396
101 133 0.942398190498
101 135 0.355139374733
101 170 0.302299261093
102 20 0.229532957077
102 22 0.445014595985
102 67 0.104724988341
102 68 0.809330761433
102 71 0.408728629351
102 72 0.144639045
102 98 0.601546525955
102 103 0.95872592926
102 118 0.106427773833
102 175 0.414340168238
102 190 0.227213472128
102 205 0.265572369099
103 20 0.362193733454
103 22 0.617409706116
103 32 0.107231400907
103 68 0.937235236168
103 98 0.772910356522
103 175 0.289514422417
104 34 0.588972449303
104 88 0.182538121939
104 89 0.875150501728
104 151 0.281769961119
104 186 0.155085265636
105 11 0.425966054201
105 27 0.111921489239
105 55 0.922791361809
105 85 0.20758292079
105 92 0.183627307415
105 106 0.675743997097
105 108 0.466963469982
105 110 0.124393895268
105 132 0.318061232567
105 179 0.346498459578
106 7 0.102383926511
106 27 0.482436478138
106 79 0.271865367889
106 85 0.67427033186
106 108 0.941023051739
106 132 0.820936739445
107 110 0.238214999437
107 171 0.117964781821
107 201 0.727986931801
108 2 0.165333881974
108 7 0.202846556902
108 27 0.691663920879
108 79 0.44914317131
108 85 0.864723742008
108 132 0.96169012785
109 13 0.216616198421
109 24 0.511048674583
109 51 0.652501523495
109 58 0.44210550189
109 95 0.464065492153
109 112 0.182556554675
109 114 0.379310786724
109 125 0.118727400899
109 168 0.14654712379
109 169 0.309720516205
110 53 0.603902816772
110 62 0.152755215764
110 125 0.114899493754
110 167 0.774032831192
110 168 0.365335971117
110 169 0.125439524651
110 171 0.410615384579
110 173 0.513091027737
111 24 0.753913462162
111 42 0.969056725502
111 53 0.167766839266
111 58 0.137805387378
111 95 0.123852752149
111 114 0.108940593898
111 125 0.253238171339
111 168 0.29951775074
111 169 0.531690299511
112 194 0.202707886696
113 47 0.42929059267
113 69 0.657710790634
113 73 0.185130089521
113 75 0.184053122997
113 141 0.924943983555
113 164 0.378935217857
114 0 0.136429324746
114 13 0.938375413418
114 37 0.220957353711
114 54 0.178970709443
114 58 0.993438065052
114 116 0.260140895844
114 142 0.38423922658
114 143 0.685316562653
115 0 0.94173926115
115 13 0.114821068943
115 37 0.320331305265
115 54 0.266519963741
115 111 0.113027967513
115 116 0.247424840927
115 142 0.513674974442
115 145 0.692573666573
116 0 0.171561524272
116 115 0.241608813405
116 117 0.267445892096
116 140 0.746100068092
116 199 0.763201355934
117 10 0.293421208858
117 36 0.164101332426
117 61 0.804500699043
117 67 0.32679438591
117 68 0.106909394264
117 71 0.105579853058
117 72 0.584231436253
117 102 0.20845028758
117 103 0.140954598784
117 113 0.156136497855
117 118 0.522583425045
117 156 0.109456188977
117 190 0.521638870239
118 0 0.110176116228
118 36 0.633854150772
118 67 0.859947025776
118 115 0.214817523956
118 117 0.154839664698
119 22 0.227791905403
119 67 0.123313434422
119 68 0.532279014587
119 71 0.486298054457
119 72 0.187559977174
119 74 0.980198264122
119 98 0.334086477757
119 102 0.14510653913
119 103 0.613826096058
119 118 0.125243812799
119 175 0.963694632053
119 190 0.28492179513
119 205 0.32880371809
120 25 0.920263469219
120 129 0.146845951676
120 139 0.553290784359
121 21 0.412325739861
121 35 0.261287122965
121 50 0.502932488918
122 10 0.350069105625
122 31 0.269399285316
122 40 0.360952049494
122 70 0.228049278259
122 72 0.101478040218
122 113 0.111716583371
122 156 0.570125997066
122 176 0.863983154297
122 190 0.166297093034
123 1 0.972959816456
123 2 0.275941729546
123 7 0.275529980659
123 28 0.436094224453
123 78 0.134428843856
123 107 0.100932791829
123 177 0.822205066681
124 16 0.114781841636
124 23 0.165557160974
124 30 0.201343640685
124 134 0.139949589968
124 165 0.212414592505
124 166 0.134517297149
124 196 0.142965406179
125 25 0.233542263508
125 95 0.928053975105
125 120 0.430788606405
127 12 0.132057383657
127 97 0.198595091701
127 128 0.470784455538
127 154 0.611669003963
127 155 0.972055137157
127 157 0.109191864729
127 159 0.858626365662
127 160 0.502513170242
127 162 0.188802197576
127 163 0.711346447468
127 187 0.349819391966
127 198 0.38633581996
128 19 0.182353943586
128 94 0.290638178587
128 96 0.156416594982
128 97 0.849810600281
128 127 0.468446344137
128 154 0.151882082224
128 155 0.504578828812
128 159 0.332653492689
128 160 0.109166741371
128 163 0.213665142655
128 198 0.988561868668
128 206 0.557674467564
129 109 0.228908598423
129 139 0.445014595985
129 147 0.904321968555
130 43 0.960951387882
130 76 0.515297830105
130 81 0.286059617996
130 82 0.777119040489
131 41 0.139191761613
131 43 0.125341638923
131 82 0.105261683464
131 86 0.202688023448
131 146 0.987315893173
131 172 0.354971647263
131 197 0.221883118153
131 204 0.244269922376
132 2 0.270211845636
132 7 0.321390211582
132 27 0.845597565174
132 78 0.130955815315
132 79 0.615186572075
132 85 0.966867268085
132 107 0.124143891037
133 1 0.229985758662
133 49 0.62066090107
133 123 0.334330141544
133 129 0.189879611135
133 135 0.549471795559
133 177 0.108852759004
133 183 0.110861577094
134 49 0.216367438436
134 101 0.912319660187
134 133 0.741779148579
134 135 0.174898356199
134 170 0.142149329185
135 1 0.825096786022
135 2 0.137895464897
135 7 0.137625321746
135 28 0.246204867959
135 49 0.473696619272
135 123 0.928250133991
135 129 0.182427570224
135 177 0.599488973618
135 183 0.604732573032
136 3 0.632628500462
136 4 0.160729423165
136 5 0.888858497143
136 15 0.477313399315
136 17 0.223361194134
136 33 0.431278139353
136 80 0.107541762292
136 93 0.236804664135
136 138 0.148680105805
136 144 0.329555571079
136 192 0.435264438391
137 47 0.672205746174
137 52 0.903343379498
137 60 0.20477604866
137 63 0.211556479335
137 73 0.406666576862
137 75 0.359374731779
137 141 0.197639197111
137 164 0.668203055859
138 16 0.953266978264
138 30 0.465482205153
138 38 0.441085904837
138 48 0.195041492581
138 101 0.224017858505
138 133 0.116318739951
138 165 0.107728272676
138 166 0.766511023045
138 196 0.783464968204
139 1 0.239010751247
139 56 0.35338011384
139 123 0.345588028431
139 129 0.351597338915
139 135 0.202509760857
139 147 0.166245415807
139 177 0.114129841328
139 183 0.116213157773
140 36 0.111895881593
140 61 0.315826416016
140 67 0.240829691291
140 72 0.165883779526
140 117 0.691663920879
140 118 0.145543858409
140 190 0.149300575256
140 199 0.999543905258
141 47 0.663701415062
141 60 0.199652135372
141 63 0.206316620111
141 69 0.87336486578
141 73 0.35374262929
141 75 0.352126121521
141 137 0.169455572963
141 164 0.607653200626
142 13 0.651214599609
142 24 0.241631090641
142 37 0.939106047153
142 42 0.495815873146
142 54 0.89467382431
142 95 0.230741724372
142 111 0.646657407284
142 125 0.415092885494
142 143 0.355167359114
142 169 0.120372332633
143 0 0.530121088028
143 116 0.742469191551
143 140 0.30684787035
143 142 0.153957799077
143 145 0.261755913496
143 199 0.321284264326
144 3 0.175112962723
144 5 0.283909857273
144 6 0.519360423088
144 15 0.118942126632
144 16 0.267042011023
144 33 0.144157171249
144 91 0.440993249416
144 93 0.849598288536
144 136 0.545262813568
144 138 0.420923560858
144 166 0.123603634536
144 196 0.131520211697
145 13 0.473126351833
145 24 0.140086308122
145 37 0.808667778969
145 42 0.333599418402
145 54 0.744004428387
145 95 0.132698357105
145 111 0.468793720007
145 125 0.267778754234
145 142 0.956816971302
145 143 0.221567243338
146 41 0.188764438033
146 86 0.266259104013
146 148 0.119372531772
146 172 0.441085904837
146 197 0.289090484381
146 204 0.315380603075
147 109 0.447185695171
148 41 0.698994338512
148 43 0.320384204388
148 82 0.153290659189
148 130 0.471322089434
148 197 0.837401509285
149 90 0.227984890342
150 87 0.801269292831
150 100 0.598626077175
150 148 0.356763154268
150 180 0.171473398805
150 197 0.127013429999
151 9 0.165952578187
151 34 0.147745102644
151 43 0.162756636739
151 77 0.522681117058
151 84 0.637264668941
151 88 0.936883926392
151 89 0.353017568588
151 130 0.26780256629
151 146 0.234305903316
152 11 0.58767914772
152 27 0.299619555473
152 55 0.136131584644
152 79 0.146735802293
152 85 0.46759429574
152 92 0.293521821499
152 132 0.622684121132
153 45 0.745443642139
153 203 0.199514895678
154 12 0.106810495257
154 19 0.11475571245
154 94 0.195060744882
154 97 0.722388148308
154 127 0.340699702501
154 128 0.972559511662
154 155 0.790083885193
154 159 0.806963860989
154 160 0.443064033985
154 162 0.155659526587
154 163 0.650026261806
154 187 0.299797743559
154 198 0.927641391754
154 206 0.420287460089
155 12 0.207280918956
155 97 0.296220034361
155 128 0.612996459007
155 154 0.752920627594
155 157 0.175202414393
155 159 0.951902210712
155 160 0.645897448063
155 162 0.283490985632
155 163 0.841640174389
155 187 0.480206906796
155 188 0.135359659791
155 193 0.101858727634
155 198 0.521541118622
155 206 0.117338784039
156 31 0.855108141899
156 83 0.143490701914
156 99 0.118111655116
156 122 0.409177482128
156 176 0.171579137444
157 94 0.105960138142
157 97 0.535683035851
157 127 0.205715447664
157 128 0.861159980297
157 154 0.952846467495
157 155 0.608151078224
157 159 0.627293169498
157 160 0.283934563398
157 163 0.464159846306
157 187 0.176314294338
157 198 0.783554792404
157 206 0.265951067209
158 86 0.112576656044
158 131 0.955026566982
158 146 0.898274362087
158 172 0.219050958753
158 197 0.125173985958
158 204 0.140162318945
159 12 0.343523859978
159 128 0.112782791257
159 154 0.179552689195
159 157 0.276644945145
159 160 0.823723077774
159 161 0.145293861628
159 162 0.415936559439
159 163 0.962901830673
159 187 0.667579174042
159 188 0.24069622159
159 193 0.189066439867
160 4 0.123894333839
160 12 0.703294217587
160 80 0.220034256577
160 157 0.134635299444
160 161 0.386569052935
160 162 0.226251631975
160 187 0.962582409382
160 188 0.544704198837
160 191 0.281451016665
160 193 0.485371649265
160 195 0.13984335959
161 12 0.238701030612
161 97 0.219615474343
161 128 0.504029870033
161 154 0.646095693111
161 155 0.268707424402
161 157 0.823189496994
161 159 0.282678812742
161 160 0.694683909416
161 162 0.942149281502
161 163 0.176386192441
161 187 0.528226315975
161 188 0.158753871918
161 193 0.120806612074
161 198 0.41717338562
162 97 0.377463340759
162 127 0.120575748384
162 128 0.711346447468
162 154 0.840557098389
162 155 0.443094968796
162 157 0.961939811707
162 159 0.461048126221
162 160 0.175542578101
162 163 0.316141456366
162 187 0.100932791829
162 198 0.620461881161
162 206 0.162570059299
163 12 0.494466602802
163 80 0.113079637289
163 128 0.192907720804
163 154 0.2878459692
163 157 0.413979023695
163 160 0.941327929497
163 161 0.240118816495
163 162 0.576545715332
163 187 0.823105156422
163 188 0.368662804365
163 191 0.152269691229
163 193 0.300740808249
163 198 0.144810304046
164 10 0.141551017761
164 47 0.19496434927
164 69 0.363239645958
164 70 0.171931922436
164 73 0.906310617924
164 141 0.665279448032
164 190 0.142133995891
165 23 0.990753114223
165 124 0.101977914572
165 174 0.558169186115
166 16 0.164186730981
166 30 0.879204928875
166 38 0.236914634705
166 48 0.558861911297
166 64 0.260070830584
166 65 0.314045161009
166 101 0.606226027012
166 133 0.404728293419
166 134 0.103718362749
166 165 0.132086440921
166 196 0.269470900297
167 53 0.959257423878
167 58 0.236562743783
167 62 0.473569899797
167 95 0.21593272686
167 114 0.193406075239
167 125 0.394245654345
167 168 0.194945022464
167 169 0.317166239023
168 53 0.136116728187
168 132 0.127550795674
168 167 0.232323855162
168 171 0.696726977825
168 173 0.79834395647
168 179 0.182796090841
168 202 0.219280794263
169 167 0.101478040218
169 168 0.911526858807
169 171 0.440406739712
169 173 0.545065641403
170 16 0.129387959838
170 23 0.160494104028
170 30 0.263471394777
170 64 0.206657811999
170 65 0.278079032898
170 134 0.169717803597
170 165 0.206376776099
170 166 0.150948315859
170 196 0.160141572356
171 11 0.382264226675
171 27 0.213090464473
171 45 0.112190902233
171 85 0.355167359114
171 92 0.157855764031
171 108 0.408279925585
171 110 0.205595389009
171 132 0.498935967684
171 179 0.610507488251
171 202 0.671812355518
172 86 0.941453278065
172 87 0.210111111403
172 100 0.107082687318
172 180 0.549241483212
172 181 0.14121440053
173 11 0.293521821499
173 27 0.153095811605
173 85 0.270187914371
173 92 0.110150799155
173 108 0.316220134497
173 110 0.147176742554
173 132 0.397607713938
173 171 0.984118640423
173 179 0.502964794636
173 202 0.563615083694
174 6 0.145278230309
174 91 0.166452303529
174 124 0.572044491768
175 20 0.167264401913
175 22 0.350513368845
175 67 0.207321226597
175 68 0.696208357811
175 71 0.614224255085
175 72 0.270930022001
175 98 0.481671720743
175 102 0.222009539604
175 103 0.773941814899
175 118 0.210131451488
175 190 0.390603601933
175 205 0.441889077425
176 10 0.659489393234
176 31 0.128033071756
176 40 0.674892663956
176 70 0.499290138483
176 72 0.278785705566
176 102 0.189955368638
176 103 0.10725620389
176 113 0.29944139719
176 118 0.267707467079
176 141 0.188575878739
176 156 0.340453535318
176 190 0.400182276964
177 7 0.618736863136
177 28 0.8029307127
177 85 0.122404806316
177 107 0.316982150078
177 153 0.104993090034
178 11 0.580685734749
178 27 0.320251941681
178 45 0.181490182877
178 55 0.133019715548
178 79 0.159655764699
178 85 0.492893785238
178 92 0.288243919611
178 108 0.623281121254
178 110 0.36874833703
178 132 0.456754297018
178 167 0.103827148676
178 171 0.202846556902
178 179 0.759293794632
178 201 0.874779343605
179 45 0.542864918709
179 203 0.102527581155
180 150 0.180026546121
180 181 0.676660478115
183 184 0.179479882121
184 1 0.574427008629
184 28 0.108602114022
184 49 0.254088878632
184 123 0.715164601803
184 135 0.910580039024
184 177 0.352265328169
184 183 0.356707155704
185 14 0.777783155441
185 77 0.109217070043
185 84 0.159940391779
185 88 0.414882004261
185 151 0.627525210381
185 186 0.14142857492
186 59 0.215126857162
186 182 0.514194130898
187 4 0.209725543857
187 12 0.853507876396
187 15 0.148902609944
187 17 0.163879528642
187 80 0.342507869005
187 154 0.125537440181
187 157 0.225335076451
187 160 0.147587105632
187 161 0.544539928436
187 162 0.350624442101
187 188 0.710928738117
187 191 0.420590311289
187 192 0.102252438664
187 193 0.651247620583
187 195 0.232823759317
188 12 0.143877878785
188 97 0.13062377274
188 128 0.350985616446
188 154 0.480270564556
188 155 0.165196582675
188 157 0.666790902615
188 159 0.17530977726
188 160 0.528063058853
188 161 0.962509691715
188 162 0.824284255505
188 163 0.101430557668
188 187 0.372004687786
188 198 0.278566241264
189 121 0.210843116045
189 126 0.878569602966
190 69 0.122775912285
190 72 0.970450699329
190 113 0.524930238724
190 141 0.311305731535
191 3 0.365676522255
191 4 0.903187334538
191 15 0.817198932171
191 17 0.451571106911
191 33 0.53768157959
191 80 0.260024100542
191 93 0.171420529485
191 144 0.425631076097
191 188 0.10575144738
191 192 0.714876234531
191 195 0.169298350811
192 4 0.406368136406
192 12 0.224293649197
192 15 0.31203481555
192 17 0.907101094723
192 33 0.134060770273
192 80 0.713337004185
192 161 0.288467854261
192 162 0.157673224807
192 188 0.429351717234
192 191 0.653458178043
192 193 0.276062905788
192 195 0.566918969154
193 3 0.194906458259
193 4 0.701969861984
193 12 0.101466186345
193 15 0.591094970703
193 17 0.62052822113
193 33 0.322716653347
193 80 0.453379571438
193 144 0.236914634705
193 161 0.131926566362
193 188 0.221525147557
193 191 0.926793217659
193 192 0.481289416552
193 195 0.324046105146
194 13 0.218696117401
194 42 0.199318915606
194 125 0.153112068772
195 12 0.622485160828
195 80 0.970800876617
195 128 0.243015289307
195 154 0.351486116648
195 155 0.10289927572
195 157 0.524995446205
195 159 0.109999001026
195 160 0.393892467022
195 161 0.877417683601
195 162 0.692866027355
195 187 0.260047525167
195 188 0.972785055637
195 191 0.225101038814
195 193 0.409117639065
195 198 0.186136722565
196 16 0.154823318124
196 30 0.86523360014
196 38 0.224803343415
196 48 0.540436148643
196 64 0.247198686004
196 65 0.29959410429
196 101 0.58767914772
196 133 0.388203859329
196 165 0.124130010605
196 166 0.999532282352
197 41 0.969109892845
197 43 0.659160077572
197 76 0.204277545214
197 77 0.134576261044
197 82 0.40696516633
197 104 0.239055007696
197 130 0.819608807564
197 172 0.167749539018
197 204 0.103621721268
198 19 0.238480016589
198 39 0.101644441485
198 94 0.364712119102
198 96 0.207120031118
198 97 0.916028082371
198 127 0.558202207088
198 128 0.988561868668
198 154 0.201560690999
198 155 0.595639824867
198 159 0.411875367165
198 160 0.148505479097
198 163 0.275747984648
198 206 0.64949798584
199 36 0.104980878532
199 61 0.301532149315
199 67 0.228758051991
199 72 0.156581491232
199 117 0.67364782095
199 118 0.137101098895
199 140 0.999543905258
199 190 0.140695258975
200 18 0.148093253374
200 35 0.115056574345
201 53 0.164033085108
201 110 0.668761134148
201 167 0.272345840931
201 171 0.446037650108
201 173 0.121706224978
201 202 0.120697930455
202 45 0.486969202757
204 9 0.221904158592
204 34 0.199495255947
204 43 0.218008205295
204 77 0.619234442711
204 82 0.109405808151
204 89 0.439080417156
204 130 0.342864692211
204 146 0.303836792707
204 197 0.132771342993
205 69 0.101027458906
205 72 0.944476902485
205 113 0.470247000456
205 141 0.26885047555
205 190 0.995672464371
206 94 0.131042510271
206 97 0.565266788006
206 127 0.988692820072
206 128 0.398198902607
206 154 0.533424019814
206 155 0.927129030228
206 159 0.781065106392
206 160 0.416207998991
206 162 0.141704261303
206 163 0.620959401131
206 187 0.277908682823
206 198 0.32041066885
